0 0.608481 0.310960 0.107405 0.183021
0 0.630528 0.683046 0.090449 0.150217
0 0.199772 0.155563 0.097232 0.155397
0 0.641211 0.138297 0.078125 0.124316
0 0.586434 0.525924 0.070097 0.091512
0 0.503279 0.597578 0.060035 0.103598
0 0.449068 0.542326 0.080272 0.113957
0 0.321255 0.533608 0.087169 0.117582
0 0.260768 0.722672 0.072470 0.105496
0 0.044881 0.387794 0.042962 0.070791
0 0.294685 0.231450 0.095083 0.096863
0 0.330299 0.423191 0.125607 0.186474
0 0.532166 0.343766 0.094969 0.141582
0 0.291915 0.153837 0.109668 0.162303
0 0.096889 0.155563 0.108535 0.172662
0 0.108759 0.852255 0.087055 0.153671
0 0.176030 0.910960 0.094969 0.157124
0 0.186205 0.670959 0.104013 0.143308
0 0.033576 0.468944 0.042962 0.063885
0 0.061274 0.434414 0.039571 0.050072
0 0.085017 0.391247 0.030526 0.050072
0 0.563822 0.100311 0.104015 0.148491
